-4.358131399240242e-01,-4.166699260758193e-01,-5.145613685662170e-01,-3.355198803132606e-01,-2.135042635844868e-01,3.129882974023901e-01,-3.399416755676943e-01
-1.642743664095390e-01,1.400727905613871e-01,3.517420494358786e-01,-4.709727379548217e-01,6.538890278522590e-01,4.214928091203925e-01,-5.127092510678793e-02
-5.163137103147828e-01,-1.707056000123464e-01,2.965812546744692e-01,-1.560223021016131e-01,-2.819532925027253e-01,-4.199754896339358e-02,7.146431962986698e-01
-3.291079120859765e-01,-4.080719415375397e-01,4.077664270596419e-01,1.059776526175164e-01,1.909756375028958e-01,-5.642150515240194e-01,-4.391471648035528e-01
-3.566358896256303e-01,3.318985532543547e-02,-5.033754100342526e-01,4.334750651656087e-01,5.831635415226792e-01,-1.165910027470861e-01,2.770354888892185e-01
-3.830021595748184e-01,2.587935098146678e-01,2.892416392387857e-01,5.909991439893060e-01,-2.163713850868436e-01,4.874499644662368e-01,-2.626223654425973e-01
-3.664821446478149e-01,7.369036758517418e-01,-1.422065388086996e-01,-3.047232319566177e-01,-1.548529075194848e-01,-3.912528457200836e-01,-1.803514628307525e-01
